[4, 2, 1, 7, 5, 3, 0, 6, 8]
[4, 6, 7, 1, 3, 5, 0, 2, 8]
[4, 6, 3, 5, 8, 0, 1, 2, 7]
[4, 2, 5, 3, 1, 7, 0, 6, 8]
[4, 6, 7, 1, 3, 5, 0, 2, 8]
[4, 2, 1, 7, 5, 3, 0, 6, 8]
[4, 2, 5, 3, 0, 8, 1, 6, 7]
[4, 2, 1, 7, 5, 3, 0, 6, 8]
[4, 7, 3, 5, 0, 1, 6]
[4, 3, 6, 2, 7, 0, 1]
[4, 6, 7, 1, 3, 5, 0, 2, 8]
[4, 2, 5, 3, 0, 8, 1, 6, 7]
[4, 6, 3, 5, 7, 1, 0, 2, 8]
[4, 2, 0, 8, 5, 3, 1, 6, 7]
[4, 2, 5, 3, 1, 7, 0, 6, 8]
[4, 5, 8, 0, 6, 1, 2]
[4, 2, 5, 3, 0, 8, 1, 6, 7]
[4, 2, 5, 3, 0, 8, 1, 6, 7]
[4, 2, 5, 3, 1, 7, 0, 6, 8]
[4, 2, 5, 3, 1, 7, 0, 6, 8]
[4, 6, 3, 5, 7, 1, 0, 2, 8]
[4, 6, 7, 1, 3, 5, 0, 2, 8]
[4, 6, 3, 5, 7, 1, 0, 2, 8]
[4, 1, 0, 8, 3, 2, 5]
[6, 4, 0, 3, 5, 1, 7, 2, 8]
[4, 2, 1, 7, 5, 3, 0, 6, 8]
[4, 6, 3, 5, 7, 1, 0, 2, 8]
[4, 6, 3, 5, 8, 0, 1, 2, 7]
[4, 2, 5, 3, 1, 7, 0, 6, 8]
[4, 2, 5, 3, 1, 7, 0, 6, 8]
[4, 6, 7, 1, 3, 5, 0, 2, 8]
[4, 2, 1, 7, 5, 3, 0, 6, 8]
[4, 6, 7, 1, 3, 5, 0, 2, 8]
[4, 6, 7, 1, 3, 5, 0, 2, 8]
[4, 6, 7, 1, 3, 5, 0, 2, 8]
[4, 2, 5, 3, 1, 7, 0, 6, 8]
[4, 6, 7, 1, 3, 5, 0, 2, 8]
[4, 6, 3, 5, 8, 0, 1, 2, 7]
[4, 6, 3, 5, 7, 1, 0, 2, 8]
[4, 5, 7, 1, 6, 0, 2]
[4, 6, 3, 5, 7, 1, 0, 2, 8]
[4, 3, 0, 8, 1, 2, 7]
[4, 2, 1, 7, 5, 3, 0, 6, 8]
[4, 6, 3, 5, 8, 0, 1, 2, 7]
[4, 2, 1, 7, 5, 3, 0, 6, 8]
[4, 2, 5, 3, 1, 7, 0, 6, 8]
[4, 6, 3, 5, 7, 1, 0, 2, 8]
[4, 2, 5, 3, 0, 8, 1, 6, 7]
[4, 2, 5, 3, 0, 8, 1, 6, 7]
[4, 6, 3, 5, 8, 0, 1, 2, 7]
[4, 2, 5, 3, 0, 8, 1, 6, 7]
[4, 6, 3, 5, 7, 1, 0, 2, 8]
[4, 6, 3, 5, 8, 0, 1, 2, 7]
[0, 4, 2, 1, 7, 3, 5, 6, 8]
[4, 2, 5, 3, 0, 8, 1, 6, 7]
[4, 2, 1, 7, 5, 3, 0, 6, 8]
[4, 6, 7, 1, 3, 5, 0, 2, 8]
[4, 2, 1, 7, 5, 3, 0, 6, 8]
[4, 2, 5, 3, 1, 7, 0, 6, 8]
[4, 6, 7, 1, 3, 5, 0, 2, 8]
[6, 4, 0, 3, 5, 1, 7, 2, 8]
[4, 6, 3, 5, 7, 1, 0, 2, 8]
[4, 3, 1, 7, 0, 2, 8]
[4, 2, 1, 7, 5, 3, 0, 6, 8]
[4, 2, 1, 7, 5, 3, 0, 6, 8]
[4, 6, 7, 1, 3, 5, 0, 2, 8]
[4, 2, 5, 3, 0, 8, 1, 6, 7]
[4, 6, 3, 5, 7, 1, 0, 2, 8]
[4, 2, 5, 3, 0, 8, 1, 6, 7]
[4, 2, 1, 7, 5, 3, 0, 6, 8]
[4, 6, 3, 5, 7, 1, 0, 2, 8]
[4, 6, 3, 5, 7, 1, 0, 2, 8]
[4, 2, 1, 7, 5, 3, 0, 6, 8]
[4, 2, 5, 3, 1, 7, 0, 6, 8]
[4, 3, 1, 7, 0, 2, 8]
[4, 6, 7, 1, 3, 5, 0, 2, 8]
[4, 1, 2, 6, 5, 0, 3]
[4, 7, 8, 0, 2, 1, 5]
[0, 8, 6, 3, 2, 1, 4]
[4, 2, 1, 7, 5, 3, 0, 6, 8]
[4, 6, 3, 5, 7, 1, 0, 2, 8]
